function [Qbb_coccolithophore,Qabs_sphere] = Qbb_coccolithophore(r0,nspoke,lambda,n,Ovl)
%input parameters are: 
%r0 as in Fig. 2 [microns], 
%nspoke=number of spokes in the coccolith [dim], 
%lambda=light wavelength in water [microns], 
%n=refractive index of the coccolith material
%Ovl=overlap factor, number of layers of coccoliths on the coccosphere

% imaginary part of index of refraction of the core computed from the absorption data of Stramski et al. (2001) and Neeley et al. (2015) scaled to match Stramski over the common wavelength zone.
kc=[0,0.00259571600000000;0.100000000000000,0.00259571600000000;0.200000000000000,0.00259571600000000;0.290000000000000,0.00259571600000000;0.290400000000000,0.00258030300000000;0.290800000000000,0.00255277600000000;0.291200000000000,0.00251357000000000;0.291600000000000,0.00248749900000000;0.292000000000000,0.00245688600000000;0.292400000000000,0.00242758100000000;0.292800000000000,0.00240432100000000;0.293200000000000,0.00238511600000000;0.293600000000000,0.00235342400000000;0.294000000000000,0.00231779900000000;0.294400000000000,0.00229421100000000;0.294800000000000,0.00227227900000000;0.295200000000000,0.00224039500000000;0.295600000000000,0.00222371200000000;0.296000000000000,0.00220527100000000;0.296400000000000,0.00219436200000000;0.296800000000000,0.00216997900000000;0.297200000000000,0.00215826200000000;0.297600000000000,0.00216623200000000;0.298000000000000,0.00215673500000000;0.298400000000000,0.00213703000000000;0.298800000000000,0.00212086700000000;0.299200000000000,0.00212880400000000;0.299600000000000,0.00211509800000000;0.300000000000000,0.00210615300000000;0.300400000000000,0.00208787200000000;0.300800000000000,0.00208601800000000;0.301200000000000,0.00209094600000000;0.301600000000000,0.00207919700000000;0.302000000000000,0.00209161900000000;0.302400000000000,0.00209124700000000;0.302800000000000,0.00208242400000000;0.303200000000000,0.00208227000000000;0.303600000000000,0.00208592200000000;0.304000000000000,0.00209916500000000;0.304400000000000,0.00210017900000000;0.304800000000000,0.00210384300000000;0.305200000000000,0.00210226500000000;0.305600000000000,0.00210441400000000;0.306000000000000,0.00209910700000000;0.306400000000000,0.00209602100000000;0.306800000000000,0.00210399100000000;0.307200000000000,0.00210925200000000;0.307600000000000,0.00210780200000000;0.308000000000000,0.00210626200000000;0.308400000000000,0.00211855600000000;0.308800000000000,0.00212225900000000;0.309200000000000,0.00212924000000000;0.309600000000000,0.00213524600000000;0.310000000000000,0.00213203100000000;0.310400000000000,0.00213994900000000;0.310800000000000,0.00214902200000000;0.311200000000000,0.00215496400000000;0.311600000000000,0.00217251400000000;0.312000000000000,0.00217566400000000;0.312400000000000,0.00217968100000000;0.312800000000000,0.00219608900000000;0.313200000000000,0.00220285200000000;0.313600000000000,0.00220048400000000;0.314000000000000,0.00221679500000000;0.314400000000000,0.00223177800000000;0.314800000000000,0.00225417800000000;0.315200000000000,0.00225834300000000;0.315600000000000,0.00225471700000000;0.316000000000000,0.00227288300000000;0.316400000000000,0.00227903600000000;0.316800000000000,0.00228484300000000;0.317200000000000,0.00229265900000000;0.317600000000000,0.00231137600000000;0.318000000000000,0.00232455600000000;0.318400000000000,0.00234174600000000;0.318800000000000,0.00234634000000000;0.319200000000000,0.00236172100000000;0.319600000000000,0.00238881200000000;0.320000000000000,0.00238440400000000;0.320400000000000,0.00240155500000000;0.320800000000000,0.00240983900000000;0.321200000000000,0.00240335800000000;0.321600000000000,0.00240922300000000;0.322000000000000,0.00241720500000000;0.322400000000000,0.00241322000000000;0.322800000000000,0.00242494400000000;0.323200000000000,0.00242858800000000;0.323600000000000,0.00242194700000000;0.324000000000000,0.00243077000000000;0.324400000000000,0.00243766100000000;0.324800000000000,0.00243478700000000;0.325200000000000,0.00244835800000000;0.325600000000000,0.00246214700000000;0.326000000000000,0.00247130400000000;0.326400000000000,0.00248309800000000;0.326800000000000,0.00248292400000000;0.327200000000000,0.00248752500000000;0.327600000000000,0.00249910700000000;0.328000000000000,0.00249994100000000;0.328400000000000,0.00250121200000000;0.328800000000000,0.00251738800000000;0.329200000000000,0.00253214000000000;0.329600000000000,0.00253585500000000;0.330000000000000,0.00253024700000000;0.330400000000000,0.00255352000000000;0.330800000000000,0.00256079000000000;0.331200000000000,0.00256764900000000;0.331600000000000,0.00256136100000000;0.332000000000000,0.00257897500000000;0.332400000000000,0.00257226300000000;0.332800000000000,0.00257135800000000;0.333200000000000,0.00257274400000000;0.333600000000000,0.00256635300000000;0.334000000000000,0.00257816000000000;0.334400000000000,0.00255606700000000;0.334800000000000,0.00254922700000000;0.335200000000000,0.00256255500000000;0.335600000000000,0.00257667700000000;0.336000000000000,0.00256827800000000;0.336400000000000,0.00258566700000000;0.336800000000000,0.00258636700000000;0.337200000000000,0.00260369800000000;0.337600000000000,0.00261048700000000;0.338000000000000,0.00259955300000000;0.338400000000000,0.00260722700000000;0.338800000000000,0.00260758000000000;0.339200000000000,0.00260439700000000;0.339600000000000,0.00259933400000000;0.340000000000000,0.00259374600000000;0.340400000000000,0.00259888500000000;0.340800000000000,0.00260273500000000;0.341200000000000,0.00257400800000000;0.341600000000000,0.00257892900000000;0.342000000000000,0.00257357800000000;0.342400000000000,0.00256802100000000;0.342800000000000,0.00257072900000000;0.343200000000000,0.00256524900000000;0.343600000000000,0.00256452400000000;0.344000000000000,0.00256794400000000;0.344400000000000,0.00254007100000000;0.344800000000000,0.00254203400000000;0.345200000000000,0.00255445700000000;0.345600000000000,0.00254780900000000;0.346000000000000,0.00254965700000000;0.346400000000000,0.00253074700000000;0.346800000000000,0.00252826400000000;0.347200000000000,0.00252734600000000;0.347600000000000,0.00250582500000000;0.348000000000000,0.00249322300000000;0.348400000000000,0.00249720100000000;0.348800000000000,0.00249127900000000;0.349200000000000,0.00248040900000000;0.349600000000000,0.00246599700000000;0.350000000000000,0.00247037300000000;0.350400000000000,0.00247783600000000;0.350800000000000,0.00246953900000000;0.351200000000000,0.00244486700000000;0.351600000000000,0.00245901600000000;0.352000000000000,0.00247808000000000;0.352400000000000,0.00247433900000000;0.352800000000000,0.00245881100000000;0.353200000000000,0.00245563400000000;0.353600000000000,0.00245201500000000;0.354000000000000,0.00243583900000000;0.354400000000000,0.00245127700000000;0.354800000000000,0.00245737300000000;0.355200000000000,0.00246783200000000;0.355600000000000,0.00248003000000000;0.356000000000000,0.00247145800000000;0.356400000000000,0.00247674500000000;0.356800000000000,0.00249412800000000;0.357200000000000,0.00251365300000000;0.357600000000000,0.00253090100000000;0.358000000000000,0.00256135500000000;0.358400000000000,0.00255273100000000;0.358800000000000,0.00256284300000000;0.359200000000000,0.00256917700000000;0.359600000000000,0.00255955200000000;0.360000000000000,0.00256559000000000;0.360400000000000,0.00258471100000000;0.360800000000000,0.00258846500000000;0.361200000000000,0.00258401800000000;0.361600000000000,0.00258573800000000;0.362000000000000,0.00258177900000000;0.362400000000000,0.00259738400000000;0.362800000000000,0.00259705700000000;0.363200000000000,0.00260706000000000;0.363600000000000,0.00262385900000000;0.364000000000000,0.00263838600000000;0.364400000000000,0.00264115800000000;0.364800000000000,0.00264797900000000;0.365200000000000,0.00266318000000000;0.365600000000000,0.00267381900000000;0.366000000000000,0.00268506700000000;0.366400000000000,0.00268278900000000;0.366800000000000,0.00269229200000000;